   0.0000000e+00   0.0000000e+00   0.0000000e+00   0.0000000e+00
   1.0203041e-04   1.0410204e-08   1.0050378e-01   1.0101010e-02
   4.0812162e-04   1.6656326e-07   1.4213381e-01   2.0202020e-02
   9.1827365e-04   8.4322649e-07   1.7407766e-01   3.0303030e-02
   1.6324865e-03   2.6650121e-06   2.0100756e-01   4.0404040e-02
   2.5507601e-03   6.5063772e-06   2.2473329e-01   5.0505051e-02
   3.6730946e-03   1.3491624e-05   2.4618298e-01   6.0606061e-02
   4.9994898e-03   2.4994899e-05   2.6590801e-01   7.0707071e-02
   6.5299459e-03   4.2640194e-05   2.8426762e-01   8.0808081e-02
   8.2644628e-03   6.8301346e-05   3.0151134e-01   9.0909091e-02
   1.0203041e-02   1.0410204e-04   3.1782086e-01   1.0101010e-01
   1.2345679e-02   1.5241579e-04   3.3333333e-01   1.1111111e-01
   1.4692378e-02   2.1586598e-04   3.4815531e-01   1.2121212e-01
   1.7243138e-02   2.9732582e-04   3.6237154e-01   1.3131313e-01
   1.9997959e-02   3.9991838e-04   3.7605072e-01   1.4141414e-01
   2.2956841e-02   5.2701656e-04   3.8924947e-01   1.5151515e-01
   2.6119784e-02   6.8224310e-04   4.0201513e-01   1.6161616e-01
   2.9486787e-02   8.6947061e-04   4.1438771e-01   1.7171717e-01
   3.3057851e-02   1.0928215e-03   4.2640143e-01   1.8181818e-01
   3.6832976e-02   1.3566681e-03   4.3808583e-01   1.9191919e-01
   4.0812162e-02   1.6656326e-03   4.4946657e-01   2.0202020e-01
   4.4995409e-02   2.0245868e-03   4.6056619e-01   2.1212121e-01
   4.9382716e-02   2.4386526e-03   4.7140452e-01   2.2222222e-01
   5.3974084e-02   2.9132018e-03   4.8199920e-01   2.3232323e-01
   5.8769513e-02   3.4538557e-03   4.9236596e-01   2.4242424e-01
   6.3769003e-02   4.0664858e-03   5.0251891e-01   2.5252525e-01
   6.8972554e-02   4.7572132e-03   5.1247074e-01   2.6262626e-01
   7.4380165e-02   5.5324090e-03   5.2223297e-01   2.7272727e-01
   7.9991838e-02   6.3986941e-03   5.3181602e-01   2.8282828e-01
   8.5807571e-02   7.3629392e-03   5.4122943e-01   2.9292929e-01
   9.1827365e-02   8.4322649e-03   5.5048188e-01   3.0303030e-01
   9.8051219e-02   9.6140416e-03   5.5958137e-01   3.1313131e-01
   1.0447913e-01   1.0915890e-02   5.6853524e-01   3.2323232e-01
   1.1111111e-01   1.2345679e-02   5.7735027e-01   3.3333333e-01
   1.1794715e-01   1.3911530e-02   5.8603272e-01   3.4343434e-01
   1.2498725e-01   1.5621812e-02   5.9458839e-01   3.5353535e-01
   1.3223140e-01   1.7485144e-02   6.0302269e-01   3.6363636e-01
   1.3967962e-01   1.9510398e-02   6.1134064e-01   3.7373737e-01
   1.4733190e-01   2.1706690e-02   6.1954692e-01   3.8383838e-01
   1.5518825e-01   2.4083392e-02   6.2764591e-01   3.9393939e-01
   1.6324865e-01   2.6650121e-02   6.3564173e-01   4.0404040e-01
   1.7151311e-01   2.9416747e-02   6.4353820e-01   4.1414141e-01
   1.7998163e-01   3.2393389e-02   6.5133895e-01   4.2424242e-01
   1.8865422e-01   3.5590414e-02   6.5904737e-01   4.3434343e-01
   1.9753086e-01   3.9018442e-02   6.6666667e-01   4.4444444e-01
   2.0661157e-01   4.2688341e-02   6.7419986e-01   4.5454545e-01
   2.1589634e-01   4.6611228e-02   6.8164981e-01   4.6464646e-01
   2.2538516e-01   5.0798473e-02   6.8901921e-01   4.7474747e-01
   2.3507805e-01   5.5261691e-02   6.9631062e-01   4.8484848e-01
   2.4497500e-01   6.0012752e-02   7.0352647e-01   4.9494949e-01
   2.5507601e-01   6.5063772e-02   7.1066905e-01   5.0505051e-01
   2.6538108e-01   7.0427120e-02   7.1774056e-01   5.1515152e-01
   2.7589022e-01   7.6115411e-02   7.2474308e-01   5.2525253e-01
   2.8660341e-01   8.2141513e-02   7.3167857e-01   5.3535354e-01
   2.9752066e-01   8.8518544e-02   7.3854895e-01   5.4545455e-01
   3.0864198e-01   9.5259869e-02   7.4535599e-01   5.5555556e-01
   3.1996735e-01   1.0237911e-01   7.5210143e-01   5.6565657e-01
   3.3149679e-01   1.0989012e-01   7.5878691e-01   5.7575758e-01
   3.4323028e-01   1.1780703e-01   7.6541400e-01   5.8585859e-01
   3.5516784e-01   1.2614419e-01   7.7198419e-01   5.9595960e-01
   3.6730946e-01   1.3491624e-01   7.7849894e-01   6.0606061e-01
   3.7965514e-01   1.4413802e-01   7.8495963e-01   6.1616162e-01
   3.9220488e-01   1.5382467e-01   7.9136757e-01   6.2626263e-01
   4.0495868e-01   1.6399153e-01   7.9772404e-01   6.3636364e-01
   4.1791654e-01   1.7465423e-01   8.0403025e-01   6.4646465e-01
   4.3107846e-01   1.8582864e-01   8.1028739e-01   6.5656566e-01
   4.4444444e-01   1.9753086e-01   8.1649658e-01   6.6666667e-01
   4.5801449e-01   2.0977727e-01   8.2265891e-01   6.7676768e-01
   4.7178859e-01   2.2258448e-01   8.2877541e-01   6.8686869e-01
   4.8576676e-01   2.3596934e-01   8.3484711e-01   6.9696970e-01
   4.9994898e-01   2.4994899e-01   8.4087497e-01   7.0707071e-01
   5.1433527e-01   2.6454077e-01   8.4685992e-01   7.1717172e-01
   5.2892562e-01   2.7976231e-01   8.5280287e-01   7.2727273e-01
   5.4372003e-01   2.9563147e-01   8.5870469e-01   7.3737374e-01
   5.5871850e-01   3.1216636e-01   8.6456622e-01   7.4747475e-01
   5.7392103e-01   3.2938535e-01   8.7038828e-01   7.5757576e-01
   5.8932762e-01   3.4730704e-01   8.7617165e-01   7.6767677e-01
   6.0493827e-01   3.6595031e-01   8.8191710e-01   7.7777778e-01
   6.2075298e-01   3.8533427e-01   8.8762536e-01   7.8787879e-01
   6.3677176e-01   4.0547827e-01   8.9329715e-01   7.9797980e-01
   6.5299459e-01   4.2640194e-01   8.9893315e-01   8.0808081e-01
   6.6942149e-01   4.4812513e-01   9.0453403e-01   8.1818182e-01
   6.8605244e-01   4.7066796e-01   9.1010045e-01   8.2828283e-01
   7.0288746e-01   4.9405078e-01   9.1563303e-01   8.3838384e-01
   7.1992654e-01   5.1829422e-01   9.2113237e-01   8.4848485e-01
   7.3716968e-01   5.4341913e-01   9.2659908e-01   8.5858586e-01
   7.5461688e-01   5.6944663e-01   9.3203373e-01   8.6868687e-01
   7.7226814e-01   5.9639807e-01   9.3743687e-01   8.7878788e-01
   7.9012346e-01   6.2429508e-01   9.4280904e-01   8.8888889e-01
   8.0818284e-01   6.5315950e-01   9.4815078e-01   8.9898990e-01
   8.2644628e-01   6.8301346e-01   9.5346259e-01   9.0909091e-01
   8.4491378e-01   7.1387930e-01   9.5874497e-01   9.1919192e-01
   8.6358535e-01   7.4577965e-01   9.6399841e-01   9.2929293e-01
   8.8246097e-01   7.7873737e-01   9.6922337e-01   9.3939394e-01
   9.0154066e-01   8.1277556e-01   9.7442031e-01   9.4949495e-01
   9.2082441e-01   8.4791759e-01   9.7958969e-01   9.5959596e-01
   9.4031221e-01   8.8418706e-01   9.8473193e-01   9.6969697e-01
   9.6000408e-01   9.2160784e-01   9.8984745e-01   9.7979798e-01
   9.7990001e-01   9.6020403e-01   9.9493668e-01   9.8989899e-01
   1.0000000e+00   1.0000000e+00   1.0000000e+00   1.0000000e+00
